MAE = 10915.492256782807
MSE = 361796495.73019063
RMSE = 19020.948865137896
R2 = 0.1610583414911929