MAE = 9413.69141433751
MSE = 346861088.4162743
RMSE = 18624.20705469831
R2 = -0.07907579587949809