MAE = 6264.171368324834
MSE = 80961195.77252674
RMSE = 8997.843951332272
R2 = 0.6177082774360396