MAE = 9686.736674110256
MSE = 293955201.9552989
RMSE = 17145.12181220358
R2 = 0.38066189513181525