MAE = 4784.666666399764
MSE = 58615785.721041694
RMSE = 7656.094678165997
R2 = 0.7256362137400162