MAE = 11923.86267747012
MSE = 501813436.81153804
RMSE = 22401.19275421597
R2 = 0.22017011304659895