MAE = 5448.835944740084
MSE = 78667922.1365994
RMSE = 8869.493905325118
R2 = 0.6285369160230043