MAE = 9296.65490825436
MSE = 238022955.336311
RMSE = 15427.992589326423
R2 = 0.2595167963640941