MAE = 9432.227469363304
MSE = 254629749.20799187
RMSE = 15957.122209470976
R2 = 0.2611007775607763