MAE = 10603.218365486666
MSE = 371663101.233057
RMSE = 19278.565850007024
R2 = 0.13817944000343552