MAE = 11282.672023414707
MSE = 352310118.7530539
RMSE = 18769.925912295283
R2 = 0.1830555607245541