MAE = 10447.11443346065
MSE = 311774718.8180819
RMSE = 17657.14356338765
R2 = 0.27704993615687945