MAE = 9344.58870101169
MSE = 292940189.6197056
RMSE = 17115.495599593534
R2 = 0.5447640533367433