MAE = 9148.343950821905
MSE = 232711758.591862
RMSE = 15254.892939377254
R2 = 0.2760397908581055