MAE = 11343.39239626966
MSE = 343354599.56111187
RMSE = 18529.829992774135
R2 = 0.20382181526920362