MAE = 10374.3716339126
MSE = 287947078.9938151
RMSE = 16969.00347674592
R2 = 0.33230199058094545