MAE = 9453.223830073877
MSE = 257590687.83576536
RMSE = 16049.632015587316
R2 = 0.25250855588771093