MAE = 9368.02276336693
MSE = 295816163.744541
RMSE = 17199.307071639283
R2 = 0.5402947218838001