MAE = 11006.180746311864
MSE = 386776741.74170065
RMSE = 19666.640326748762
R2 = 0.3989398436496785