MAE = 8607.448007891284
MSE = 270425469.36980706
RMSE = 16444.618249439754
R2 = 0.5797524583081706