MAE = 8363.59759278908
MSE = 221017128.69055736
RMSE = 14866.644836362957
R2 = 0.5343360868727434