MAE = 7754.600625975485
MSE = 115439524.13097912
RMSE = 10744.278669644562
R2 = 0.4596604901731013