MAE = 9697.342352728412
MSE = 387801480.8786941
RMSE = 19692.675818148586
R2 = -0.1253445976887173